-1.050440197754306387e-01
-1.853104758072928182e-01
3.959666220555432131e-02
3.321282283593046669e-01
-1.339039493969774175e-01
-2.399881883354493262e-01
-9.295708760079104960e-02
-3.348156590860434934e-02
-4.740919318088951395e-02
-1.250479643063192314e-01
-9.208844238440859475e-02
-2.468865279938871338e-03
-1.411340828488038546e-01
-1.325619472216544303e-01
2.682645075736049267e-01
-2.814206791006019781e-01
1.863205230559514536e-01
-2.102773396482017776e-01
-1.251667753083709478e-01
-3.348156590860434934e-02
-2.412567874803506762e-01
-1.771730680440495864e-01
-1.559242298792276604e-02
4.768078429250239419e-02
1.830400326117846144e-01
-9.089877644833316284e-02
6.209216700144479240e-02
3.880063819450223495e-01
-1.209246580782287889e-01
8.089679626806446644e-02
-4.631964322555286173e-02
-1.600237639026218517e-01
-1.038195620963989346e-01
-1.363415199647968756e-01
-1.649531694193571985e-01
-2.534759469617974270e-01
-1.337085385883509669e-01
-1.312482233865857606e-01
4.415117269318720172e-01
-1.280098547828562028e-01
-1.398357873150453123e-01
-2.154600783410156040e-01
2.132861347158677423e-01
6.954847503617536675e-03
1.375970016846663618e-03
1.679625741546504625e-02
-3.954106995252334306e-02
4.774871123373687354e-01
-1.430145490523382357e-01
-2.313280944213829543e-02
-3.732643959693349861e-02
7.376696018240039843e-01
5.176461450382295881e-01
-1.673657014617346284e-01
-1.445692724075558488e-01
-1.906894629528046170e-01
1.698973481651276096e-01
-4.357035077404573797e-02
1.230256213380918062e-01
1.192616084515031732e-01
1.196063889736157515e-01
-4.763054045043552120e-02
-2.635458905252768824e-01
-1.277933306200398911e-01
-1.325177265915556679e-01
1.099002086860208227e-01
4.829402831025223497e-01
5.291029415726262730e-01
-1.197999488376010613e-01
-1.194085965672048999e-01
2.560883608417771073e-01
-8.560267574686170056e-02
-1.983644070825641426e-01
-7.095891666446663137e-02
-1.670910765984768009e-01
4.007202191270576447e-02
1.015592482292001636e-01
-1.104097083934277024e-01
-8.648472909231445793e-02
-5.914061772107269410e-02
-3.348156590860434934e-02
-1.193036670976533875e-01
1.756895846097225600e-01
-1.301016947057473672e-01
3.257754933135999509e-01
5.574073542514251800e-01
-9.245992066590413838e-02
-4.993334778445775168e-02
-9.124588043742128118e-02
1.491219543849838652e-02
-9.356299381404889481e-02
1.821467437724669791e-01
-1.589280307230019895e-01
-5.203807831967954128e-02
1.790786707448541737e-01
-2.215726748406078583e-02
-1.690758017965542370e-01
-1.715816813174442512e-01
5.670937005463010383e-01
-2.404050950040684809e-01
-1.878613316150500312e-01
-1.242557019830634601e-01
2.590227153503379953e-01
1.664732250650075573e-01
1.424405326147771059e-02
-1.033574380777597668e-01
5.840645574516448169e-02
-2.160239841291902996e-01
-5.810304220886321203e-02
2.990526447125029796e-01
-7.313242256605444191e-02
-1.970029113105055685e-01
-3.001007817602631064e-02
1.944021604042765194e-01
-2.608047361850982654e-02
-1.531209616255801154e-01
-2.080537842347024435e-01
2.780985128860496980e-01
2.958441521174897670e-01
1.208469907010418926e-01
-1.688980895029478235e-01
-2.436210777388098103e-02
4.427485740582789431e-01
1.136092456685566660e-01
7.376696018240039843e-01
-2.615816564802277838e-02
-5.318651445439000897e-02
-1.027449504788643525e-01
-2.286213006850022766e-01
2.666937961282727088e-01
2.324815162623184162e-01
-3.548874554806825954e-02
5.999226764385552357e-01
5.051605062709455529e-01
-6.054742911596374538e-02
-1.386999027030078324e-01
-5.853897941822513995e-02
-1.519546772406485391e-01
1.482967366745941151e-01
-2.050209412348674431e-01
-3.348156590860434934e-02
4.577574909769113048e-02
1.758950077821958280e-01
-1.873722493691528934e-01
-1.564881489108353729e-01
-7.062496204020181356e-02
7.376696018240039843e-01
-1.860576437638409575e-01
2.704515161618318286e-01
-6.660208116153407132e-02
4.437132389088618845e-01
3.113307466425428993e-01
2.727340080425939006e-01
-1.708977571533534801e-01
-2.146346726078245948e-01
-5.436448227691786927e-02
-1.603274687974980406e-01
-2.520068796144846468e-01
-1.155612211248968069e-01
2.212960977305222510e-01
-4.582128448488347744e-02
-5.533756705546291621e-02
-2.486825583313171661e-01
3.445074764572604864e-01
6.560838718456512009e-01
5.735353822080866554e-02
1.046279771951500043e-01
7.376696018240039843e-01
2.052600694774762979e-01
4.959567210175094276e-01
1.494201778738269148e-01
2.495745100439876463e-01
1.980032567888192346e-02
-1.921226042044032190e-01
-2.100860732137531661e-01
-1.319858173889899011e-01
-1.758181719304045543e-01
-9.099043121633099140e-02
-6.244430816804337481e-02
-2.265386764736758984e-01
-1.620502632912361185e-01
9.916372994987826539e-02
2.739653283125432770e-01
6.521975325273146051e-01
-2.396268354123788288e-02
-8.702068379216854055e-02
-1.290731125967676807e-01
-2.265386764736758984e-01
-1.442564499157756308e-01
7.195067366626634042e-02
4.471691608324281364e-01
1.393403370326812274e-04
-5.464824403368186839e-02
-1.617014920782334775e-01
3.151507049449753795e-01
1.567306900217098342e-01
-4.239965619503437144e-02
9.035640872977357407e-02
-2.194231111720632010e-01
-3.348156590860434934e-02
-3.990358564401737251e-02
-2.420795603511387284e-01
-8.545198016107859174e-02
-1.798069421051283201e-01
-8.000628788310151784e-02
-1.394636315211405797e-01
-6.822030103141300816e-02
-3.966377813154361998e-02
2.497594904560287155e-01
-1.781024452934787949e-01
-6.259577780882612241e-02
-3.721205834979240956e-02
-7.482780358819787758e-02
-1.131670537474881999e-01
-1.208361708743194290e-01
6.219816497612387085e-01
8.397205941063867751e-02
2.414324359588201907e-03
-4.384526139154134444e-02
-1.458330539451203056e-01
1.083360452328648027e-01
-1.918850565740485570e-01
-2.564531321823447854e-02
5.942582949886861948e-03
3.916203119240834196e-01
3.113373447918897363e-01
-8.141695266156538657e-02
1.502307797501664655e-01
1.095876873691630782e-01
-1.888852709930941010e-02
-1.655997467262572409e-01
6.025236607963103258e-02
-2.076710541249822406e-01
1.185994363394180656e-01
-1.979581205096352936e-01
-3.226638237633731171e-02
7.244900504091333904e-02
-6.303241296142590711e-03
2.434334341772875776e-01
-9.954249791973152073e-02
-1.197345454518663199e-01
1.848446962955523631e-01
-2.035872240701633862e-01
8.484964701368137574e-02
-1.623744304075450950e-01
-4.985580925621758280e-02
-5.276057960384818168e-02
-1.322965221449803608e-01
-1.130858670030875368e-01
-7.420899298698059587e-02
2.669714188525753457e-02
-9.895247896599367043e-02
-1.220816576544337811e-01
1.370840479064346085e-01
-2.306645865019018860e-01
-1.660843571076893732e-01
7.376696018240039843e-01
3.106484356451050255e-01
5.537085175715732444e-01
-3.152807710372809713e-02
2.821063161135335395e-01
-2.007507219531203674e-02
-1.019699204907252021e-01
-2.061748810782137453e-01
5.602183266518147298e-02
2.164887835500221500e-02
-3.446829543890907871e-02
-1.010350240872474464e-01
-9.106563177869997361e-02
-1.545152512714358106e-01
3.409141653857080678e-01
-2.413571314617864449e-01
9.431058775334727473e-02
-1.194337754497967197e-01
4.475138865005935940e-01
1.074349142377106353e-01
-1.054561238301856274e-01
-1.491313511694962179e-01
7.468318663219298756e-03
-1.052833764696225749e-01
-7.722688096741243957e-02
-1.989344403832943309e-01
3.986907799023574617e-01
-7.818576716831060480e-02
-4.264225116177244868e-02
-2.331673277114996723e-01
4.241814802131205764e-01
-1.367530572278100598e-01
2.356058226444160408e-01
5.999226764385552357e-01
7.353987796341134864e-01
-9.923329677162570639e-02
-2.193886539563664334e-02
-1.030060232510927182e-01
-2.210623467512661533e-01
-2.126325138203129239e-01
1.486005845608745213e-01
6.168666922228746019e-01
-5.791894924768575120e-02
-1.105141035388970266e-01
-5.564811638365953217e-02
-1.686763342478711167e-04
1.452777448911793945e-01
-2.296340389594825893e-01
-7.182286463070729210e-02
1.999518179380248978e-02
-8.721291920912006834e-02
-1.542967597345341613e-01
-7.189468332692326713e-02
-8.954566205791347766e-02
-7.950675829286932284e-02
-7.041545302568391618e-02
9.343416527754755396e-02
-1.539569214669553876e-01
5.146693922098126706e-01
-5.654189511832994480e-02
5.519822859012851746e-01
-1.491439065647023332e-01
-2.426750407513852958e-01
8.943167968485811470e-02
-1.429402011924741367e-01
-3.882877399518689515e-02
-1.199228698478892186e-02
7.423853506419028636e-02
-7.210080445459407517e-02
-2.265975740044430253e-01
-4.841147848755658623e-02
-1.656537806750372765e-01
3.393346985090192613e-02
-2.768567499498769680e-01
-1.503338544835517154e-01
3.496279042080361887e-01
7.475091779664774783e-02
-8.725607590643821854e-02
1.093193054592846852e-02
2.328840133791022227e-01
-1.508524219258187971e-02
3.478281929511152226e-01
-1.562847860359797836e-02
2.926217343426250062e-01
3.920611894718523116e-02
7.962246681834281303e-02
2.400254297497586842e-01
-1.330675591677223379e-01
4.396306226517414095e-01
4.398338050341460415e-02
-6.159732248539330490e-02
-2.047309412849070698e-01
-2.413291586003911415e-01
5.438247793610874459e-02
-7.587766677175510066e-02
-1.406817265047616838e-01
1.222908562092814566e-01
2.668918077933415262e-02
1.040840679816319204e-02
-1.336645428826460924e-01
-1.097074972126806935e-01
-1.505120134437372137e-01
-2.284165740325052874e-01
2.788212352958021056e-01
-2.397602726336722501e-01
-1.418767244247713943e-01
-1.790359625835111768e-01
1.830101424921790065e-01
-5.132852723403328460e-02
-2.231615814520220009e-01
-1.031029781496809739e-01
-4.715107710109955885e-02
-1.636946178666817686e-01
-1.778738316723494362e-01
-7.949394881185370410e-02
4.017953983812996843e-02
-1.359223620760971751e-01
1.429573639006928576e-01
7.272207099815006237e-02
5.810981168718552803e-02
1.705749336012964967e-01
6.673808359299381043e-02
-4.751752756732979116e-02
-1.061329966681334169e-01
2.688043634343629806e-01
-4.705043306341546994e-02
4.159558532521650531e-01
1.816700677900009164e-01
-2.066420819845873336e-01
2.380450188500354558e-01
-1.228826943720350562e-01
-1.746353683367311282e-01
-1.966495780998706311e-01
-6.896146659046115124e-02
-1.118984813461616074e-01
-1.539394003849618442e-01
-1.655485948316089417e-01
2.517226442927533725e-01
-2.222490168397195376e-01
2.857116777395474205e-01
-3.194897125451569286e-02
5.019144314232559800e-02
-1.429721838286323460e-02
-5.181268155299660616e-02
-2.288936941033414552e-01
-9.574330294369078065e-02
3.065141405563250043e-02
1.696892213653607151e-02
-1.533798904914081551e-01
-1.150159861288259783e-01
-2.010226624772028514e-01
2.192943794267392388e-01
-2.297881720814939077e-01
1.747231799868498581e-01
2.268082292330747540e-03
7.369834615987322368e-02
1.644378574522447137e-02
7.376696018240039843e-01
-2.117741414790929033e-01
3.394349006592786711e-02
4.546671493481996285e-02
4.778798344811498178e-02
-1.640816697502552324e-01
7.877493524544255943e-02
-1.947301771795242886e-01
-2.459481195376351792e-01
-2.592097100845960345e-01
1.105614187295416995e-01
-1.566708198123375750e-01
-1.506657089903234714e-01
-6.628282194598796376e-03
-3.188641703254550819e-02
-1.966802447372624219e-01
-4.563897945866566414e-02
-1.203352695720189547e-01
-1.289626160426604329e-01
2.200014686757330029e-01
1.298280642388139339e-01
-1.154395740318620300e-01
6.713929589189196467e-02
-9.532433252074751229e-02
-2.265386764736758984e-01
-3.348156590860434934e-02
1.006841664383394952e-01
-1.133466803963638636e-01
-1.466616686634582556e-01
-2.265386764736758984e-01
4.626522663317494954e-01
-6.478011520860080252e-02
1.312431101613041329e-01
-1.337330061963016015e-01
-3.418441609542281767e-02
-5.080309049248957209e-02
4.978468773555330129e-01
-1.363415199647968756e-01
1.811286209714826345e-01
-2.361036474704170662e-01
-1.763099550650787384e-01
-1.059409109276690519e-01
2.523369792272518453e-01
-5.144916028161310162e-02
-1.207116296582375625e-01
-8.132063669669270523e-02
6.706878237545735311e-02
2.881456105321787697e-02
-6.180901162706736035e-02
1.376484552796015948e-01
9.860479154114182299e-02
-2.626260686349593532e-02
-9.842421768808412574e-02
-6.083821184473166277e-02
-3.348156590860434934e-02
5.157543531170482032e-01
-1.962209171369992122e-01
-7.072873743052092432e-04
-1.743125283329819697e-01
-3.044874418732945384e-02
-1.002145191653946166e-01
-2.815971528734917406e-02
-1.680327696260154047e-01
3.197975337884958469e-01
3.887829315733420943e-03
-1.363415199647968756e-01
-9.847229724823838848e-02
9.299000493007607282e-02
-1.905695964688839117e-01
1.599319644467150359e-01
-2.265386764736758984e-01
-1.357125554629734498e-01
-3.776906608844866897e-02
-5.354430147975604987e-02
-4.191326553561205981e-03
-1.242020447984458625e-01
-5.263237011160698531e-02
-1.014336813579661822e-01
-1.094309872972075992e-01
-1.808618787824183838e-01
-9.808199788478175196e-02
-1.340245956942942851e-01
2.067566508866446051e-02
-7.589210565792710306e-02
-1.197135574589981433e-01
-8.299633596850380934e-02
-7.392394045360395349e-02
4.652856179271112058e-01
1.969715000579517206e-01
-8.871348903938452990e-03
4.039232182001149113e-02
-1.899769453411099263e-01
-2.779486063173559895e-02
1.730779644857649291e-01
2.208277674035519778e-01
2.368880468143949869e-01
-1.029761871714335308e-01
-1.347461061931058968e-01
-1.168596193040608022e-01
-1.069052089703166203e-01
2.018917907447495552e-01
-3.337876329832281663e-02
6.376592491229397808e-03
-6.559608551882127603e-02
-9.220199725674987912e-02
-1.346507793694085575e-01
3.389337814937791182e-01
4.533905769143725673e-01
-1.095686984359853094e-01
4.110277542836516806e-01
-5.807639241250442397e-02
1.777794365083969763e-01
7.977716811916585327e-02
-2.520723118851185829e-01
1.431046713679084703e-01
-1.290567220430817452e-01
2.144345518466326261e-01
-2.177577267150248574e-01
-2.987038616693031834e-01
7.376696018240039843e-01
9.314635065958752624e-02
-8.748886401457250939e-02
-9.368049570613996846e-02
3.647950795416517178e-02
-3.348156590860434934e-02
-2.679119895387647721e-01
2.631362082216766041e-01
2.932619378572796087e-01
5.709213138355294648e-01
-2.061336803105670024e-01
-2.331870421170089136e-01
-6.389451285607745945e-02
-6.373948609653465325e-02
2.361420148269254005e-03
-1.652988287816669621e-01
3.433652870509459332e-01
-3.644388015443188189e-02
-2.268647177313504182e-02
-1.816321705148969679e-02
-1.418405500863114121e-01
7.292498415701532954e-02
-2.265386764736758984e-01
5.459793485965702686e-02
-1.223520434173561988e-01
-2.721016263527852377e-02
4.631070779725534048e-01
4.775452807332576377e-01
-2.104243020570939482e-03
3.254855418349107410e-01
-7.366819983086982104e-02
8.675187045750151760e-02
-2.143698542459579193e-01
1.054489790605070976e-01
-1.533148506311141634e-01
-6.020626679231950995e-02
8.618047952088380564e-03
8.609209146164965853e-02
-1.047928929657693797e-01
5.123503124744618886e-02
-2.568897434437014682e-02
-6.522896557341276158e-02
-8.813200493849254746e-02
-6.691807143765869659e-02
2.545163813361118743e-01
-8.867683526297305552e-02
4.820974335798695609e-01
-1.498166170110198925e-01
-1.993618722487440209e-01
-4.394427078569471123e-02
-1.381796380954978531e-01
-1.385823945999467843e-01
1.793120215260057826e-01
2.655973902484054516e-02
-2.330588097903197112e-02
-4.289229653568105843e-02
-2.003569663444853405e-02
1.267988205749504549e-01
-9.773960866280292925e-02
-8.073739378002342537e-02
-1.562923499764820034e-01
-2.138491790701215201e-01
2.187319591636541910e-03
2.729152813852070425e-01
-1.091897278678548022e-01
1.177316863016681509e-01
7.229310464109842127e-02
-5.155430525969606492e-02
-4.502004778941454122e-02
-1.853393043218529712e-01
4.965304843097717025e-01
-5.560731629683405425e-02
-7.649655123463189321e-03
1.309198476755093488e-01
2.350727423130084121e-02
-1.192550222458397952e-01
-2.685960517638746881e-01
2.924968704224609542e-02
8.784757372076790194e-02
4.699490983980992853e-01
-5.630800510962787053e-02
1.335874717466930262e-01
-1.513817810657976937e-01
-2.094431586615082275e-01
3.406086815058958495e-01
-3.502299909328215888e-02
-2.692371496364203143e-01
-5.692630447523568116e-02
1.434403985877444158e-02
-1.459599340550833124e-01
-1.259317808750978207e-01
-1.027914040483180053e-01
-1.343638736678943735e-01
3.628635261915746923e-02
4.004001892635676574e-02
-1.154257559020504253e-01
-2.218309785121931055e-01
-1.087530615805177292e-01
-1.189254060088850012e-01
-5.630160995031635585e-02
2.722142302621676224e-01
6.292177179759743388e-02
-2.265386764736758984e-01
4.321203508330789811e-02
8.584423808760793806e-02
-1.446569904997546396e-01
3.182834445557022884e-02
-2.683319646380625256e-01
-3.131321835090312977e-02
-9.137671626535867619e-02
1.731633963668039455e-01
-4.531077650737466017e-02
-1.159743170121728395e-01
-1.745486301407065954e-01
-4.678110614714187793e-02
-6.590004908837002184e-02
-1.602326537384255178e-01
1.796206788001626989e-02
-6.853736539805005412e-02
-1.190162244541708991e-01
-1.077454679926109077e-02
2.061539448816588904e-01
-1.452415978236131777e-01
-1.129251703957637881e-01
1.036541292504955386e-01
-4.305692509906762500e-02
1.211833691904989907e-02
-1.249702397979459145e-01
-5.071076776073086406e-02
-1.542358011344093505e-01
-2.247747873610164704e-01
-1.805845540366123742e-02
5.003571408093221429e-01
-5.029073799525414501e-02
-1.848234708603451459e-01
-5.182506090166688617e-02
1.746263654822758499e-02
-5.453753614722835902e-02
1.723668567729778056e-01
1.426011520464386395e-01
-1.325306306820860369e-01
-3.096139380234386174e-01
-1.544055361811755289e-01
7.825023618852069984e-02
-3.034671629411356819e-01
1.549232561854505530e-01
-1.420747063054844661e-01
-9.595850434140387741e-02
-9.222641712407797510e-02
-1.448097015485847738e-01
1.220897916131119532e-01
-1.862086379329179198e-01
2.997767815790906565e-01
-1.197330674415999219e-01
3.895332480270392167e-02
-7.921066957444795886e-02
-9.133592545795657380e-02
-1.572504361989626731e-02
2.258835995468653213e-01
-1.444994507732753619e-01
2.591232741259725803e-01
-9.803016006181369812e-02
6.054781558831860699e-02
3.620887241178828014e-02
-3.257181484042102892e-03
-3.320548156118847266e-02
1.402764115724578764e-01
-2.455979465339364065e-01
-2.564410945176197054e-01
3.558409845769466839e-03
-2.698112919029146267e-02
-2.265386764736758984e-01
2.718941038089878748e-01
-1.727643286630326236e-01
-5.584039419559204409e-02
-3.909291544745868707e-02
-1.186551004677839222e-01
-4.676246723214592255e-02
-1.455938566608699636e-01
-1.613357752670871725e-01
-2.066420819845873336e-01
4.911063282914544803e-02
1.921775857644156260e-01
-1.570137138697333123e-01
-1.055346820235970734e-01
3.061197281186553987e-01
-1.645008961005166581e-01
-2.737328681644032313e-01
-9.148861158378046587e-02
-6.666791114820917741e-02
-2.043257649695714162e-01
-7.466174945936390750e-02
-1.066229757723171356e-01
2.259289153499904612e-01
-4.993862404491080514e-02
-9.451515710226759959e-02
-3.833007669982357868e-02
-2.458894849220367440e-01
-1.409904279375277236e-01
-8.782565092106853211e-02
-9.894328875069413609e-02
-2.374695067142446880e-01
9.980176220013126098e-02
-1.603824921227687272e-01
-1.335090222833980045e-01
-1.155263203765271030e-01
-1.356063505533936508e-01
-2.413404645778393365e-01
-2.205930450330578080e-02
2.797624609879166835e-01
-1.833266812349253483e-01
2.426244659096975509e-01
-2.183681145134687071e-02
2.859750233503333128e-01
-8.151409375325302520e-02
-4.101896655487645427e-02
-8.343442154828846491e-02
-1.444254640075036122e-01
5.285172642619416494e-02
-2.047325186062244895e-01
-1.207934098121778849e-01
3.799898846212406145e-01
5.999226764385552357e-01
-4.041063928755451312e-02
1.248274886293378738e-01
-3.863647263202911464e-02
-2.265386764736758984e-01
-1.669166245682511193e-02
-7.577467293848197394e-02
2.945928404152684532e-01
1.379069535375624656e-01
-4.591328916837729424e-04
-1.677823483442932306e-01
2.574528800850653942e-01
-5.147587434250941452e-02
-1.947183789452870684e-01
-2.679008870031924228e-01
-5.396362186621640744e-02
-1.553577168463064762e-01
4.496184385054614041e-01
1.391091342150874155e-01
1.330039236871322639e-01
-1.027823456437788052e-01
-2.742491477486098672e-01
-1.309675304647430205e-01
1.551383351478948236e-01
-4.414484384225306896e-02
2.859951886925460318e-02
1.085577970650828811e-01
1.335590463244500092e-02
-5.793321606816358160e-03
-4.598316368676585997e-02
5.737497872821942235e-02
-1.803901552907216377e-01
-4.944615770843194258e-02
-6.110088269069527400e-02
-8.003684361639090694e-02
-2.729309707077715030e-01
-9.432769825081060988e-02
-2.657354949267318744e-01
1.638133996363664024e-01
1.836614991009548337e-02
-9.619021217277845537e-02
-2.178891964774355705e-02
-5.725408333054186200e-02
-3.348156590860434934e-02
-5.585687550750048636e-03
-6.026313330077318065e-02
-3.027097345022250474e-02
4.718241244056775030e-01
3.518734612625314950e-01
-1.283518322825056013e-01
-2.124765027714367593e-01
1.565444275128257123e-01
-1.297581784932137494e-01
-1.595483514795879576e-01
8.071626340225052099e-02
-1.208917210865042835e-01
6.221582147071035296e-01
-1.018998326969804691e-01
-1.723399148183022700e-01
-3.348156590860434934e-02
1.848062957651218710e-02
2.054943163710676868e-01
4.061651903105850669e-02
-8.758849634708855414e-02
2.909856769754636321e-02
-3.657178322161997591e-02
6.088819173076510244e-03
-1.207861341639295261e-01
-3.348156590860434934e-02
-1.553919961822972096e-01
-9.134951694635690123e-02
-2.265386764736758984e-01
1.738590458246220272e-01
-1.415428735654778447e-01
9.408248295146999507e-02
-8.646472294956064619e-02
-5.612371741528214553e-02
-9.505328899698649303e-02
2.413390456574646403e-01
-6.840130794784822499e-02
-4.423071516927889330e-02
-2.752199015157165141e-01
-1.747886947595734264e-01
7.820259004760461707e-02
-2.273983922437052829e-01
-1.275818118016625036e-01
-4.715107710109955885e-02
-5.074973107375026216e-02
4.699490983980992853e-01
1.298280046259692455e-01
-1.823581941243072879e-01
7.465693675010116881e-02
2.720516555201037412e-01
-1.000044532610750714e-01
-4.615000185606576988e-02
-2.519373796418019479e-02
2.510679943685165671e-01
2.006304097383330987e-02
-1.824202053581804317e-01
-5.582343575379310197e-04
-1.811332258648836735e-01
-2.035872240701633862e-01
-1.235274383020606437e-01
1.322788150064120871e-01
7.682821968392218315e-01
-1.698986061339593512e-01
-1.233380104315657533e-01
-5.929368231100876768e-02
-1.024445487852706088e-01
-2.666147767692426673e-01
7.343161617719791423e-02
-9.356809145997675714e-02
-1.152590529795147339e-01
-9.429280988422931997e-02
7.758611525353359406e-02
-1.684919736973751470e-02
-2.187728256528087556e-02
2.658403654679585282e-01
-2.049471454600200748e-01
-1.127722215653253479e-01
-1.058353373314581819e-01
5.808904283793412393e-01
-6.645925044224551548e-02
-1.388375073997976661e-01
-8.608244409768522204e-03
-1.970048005919537437e-01
-1.280566059730485762e-01
-1.678240677796486446e-01
-1.628687468297799756e-01
-1.641165918638751164e-01
9.434998266523594856e-03
7.749860342719815109e-03
-9.929063893780031014e-03
-1.115983485080384585e-01
-6.312320477558573673e-02
-1.638228925277096515e-01
9.820091389775838231e-02
-9.636692365655361026e-02
1.662898979583974923e-01
6.262423858939716315e-01
2.906089667694372602e-03
2.884050715318691727e-01
-1.226449089140175530e-01
-1.718616469854603590e-01
4.244132237718248324e-01
-1.354894736511805808e-01
-1.657737277732525549e-01
7.376696018240039843e-01
-8.624920693341744937e-02
2.706453691583977639e-01
4.053396378118263588e-01
5.394585812977026329e-03
-1.450444128103413888e-01
-2.265386764736758984e-01
2.837260001605723669e-02
1.321482736762135402e-01
-9.559934871251069000e-02
1.281478005362285399e-02
-8.657003676560288963e-02
-8.038010087695872385e-02
1.120725735317944227e-01
-2.170487948178167759e-01
-7.594643520936884828e-02
-1.329252010069219281e-02
2.450343350058233338e-01
5.468083752876520265e-01
-1.456911071986511097e-01
-2.077994899780733207e-01
-3.617668239056025248e-02
1.043277352236734040e-01
-3.159676405985484965e-02
2.364976516627106951e-01
-2.264008088522100060e-01
-1.359044614408243534e-01
-1.018355891118192663e-01
-5.273167258944586044e-02
-2.626020828884291225e-01
-9.616339522250216820e-02
3.219868247091645097e-01
6.953063180126062282e-03
3.168959880490896941e-01
-1.620023959178716610e-01
-6.757517703610449455e-02
-1.432652334880107070e-01
6.056294862577236982e-02
-1.218128067449074786e-01
-1.388918092050983322e-01
-7.532666096060273986e-02
8.901405092557473919e-02
-1.046044271796746084e-01
-1.686171980579385943e-01
1.127578085456501164e-02
-2.265386764736758984e-01
-9.590387094286983993e-02
-3.140458419141568813e-02
2.824999865168690283e-01
1.321482736762135402e-01
-6.790352737985703990e-02
-7.921844346132060621e-02
1.590361612627038679e-01
-2.197399411784575762e-01
-2.035872240701633862e-01
-1.925724917238101630e-01
-2.910283681682612755e-02
-1.395362536779285456e-01
2.902894061656617619e-02
2.308469275594721704e-01
-5.380366298743229081e-03
-1.809579764557215920e-01
2.074741789870662712e-02
1.858866228891806471e-01
2.789007801950738052e-01
3.579854409190974529e-01
1.370044237681762311e-01
-1.929336186794667896e-01
-9.809847323415188391e-02
-1.328548261902593453e-01
-1.432058526545323673e-01
-1.869907244454969142e-01
3.350807463664398633e-02
-3.616507414353466177e-03
-2.721586825934978471e-01
-9.248489165652681865e-02
6.025930455566096133e-02
-1.035419108913458036e-01
-4.963780922848515936e-02
-1.439434688541369189e-01
-1.861472221842742636e-01
-1.832715059383024925e-02
-1.641075520178418845e-01
-8.112617988428184879e-02
-1.667554632449582963e-01
-1.089537425746427424e-01
6.774778637239194101e-03
-9.586098228314250680e-03
-2.893848603209610293e-02
2.926708501125314110e-01
-2.844724588962715961e-02
-4.207012236464428845e-02
-1.238104221758410672e-01
-6.607381769694958829e-02
-2.576005981289894442e-01
-1.808367619167079721e-01
2.325259777878392886e-01
1.548835299782302388e-01
-6.161833974395261593e-02
-1.126440721227176256e-01
-9.818136810483206467e-03
-1.015353894559621883e-01
2.710868152079602966e-01
3.579312632344711642e-01
4.919662691453231124e-02
-1.072985812465353239e-01
-7.515569370604345545e-02
-2.112620966031659719e-01
8.176330764016409569e-02
7.054790326073342999e-02
-6.637678304440250421e-02
-1.062871716137759881e-01
4.454668416367609796e-01
1.999051659676625015e-01
-1.592773660463568663e-01
2.334195553837026260e-02
-1.133231017659838968e-01
3.304670692030856616e-01
-3.348156590860434934e-02
3.908568439460893273e-01
-1.048583564025717396e-01
-3.869155572280177924e-02
4.630612693972297467e-01
-2.114966864238127242e-01
-1.770011042200270168e-01
-1.302710472155855226e-01
-2.035872240701633862e-01
2.105818508147945245e-01
3.194920144130482531e-01
-1.590385712123917328e-01
2.704624257991843778e-02
-1.228719166386385980e-01
2.072665784695083557e-01
2.068398296101937039e-01
-1.973606590150163709e-01
7.376696018240039843e-01
-9.377929166238110903e-02
3.195282275543431111e-02
-3.577060112766021482e-02
-1.582966838328881687e-01
-1.113792412952922112e-02
-4.384526139154134444e-02
-5.478180669599933689e-02
-1.782311330274359007e-01
-2.492498902975315012e-01
-2.626316888523795301e-01
4.836410650722626769e-01
-5.330548623729548796e-02
-1.363415199647968756e-01
5.762718457156174034e-01
1.262600738564808034e-01
4.285795477823101662e-01
1.721112832855193897e-01
-2.032057514527663700e-01
-5.286720391135184965e-02
-2.102483591736084845e-01
3.768946523106937452e-01
6.194406253870500256e-01
-6.378670380960031749e-02
-1.370682551737518184e-01
6.680368917420273500e-02
2.798265642278894294e-01
-6.863110821229051473e-02
3.469918260568773810e-02
2.055017744575233229e-01
7.182729135576958190e-03
1.306208090861548932e-01
-1.974445019197716006e-02
2.703501409150625978e-01
3.964240057256366440e-02
-8.301075312463736255e-02
-3.984479722803224711e-02
6.349936236861034727e-03
-1.534113385204437519e-01
-1.394352605547314328e-01
-1.413179331733065702e-01
-1.901928419724185360e-01
-5.506107458510831054e-02
-7.073274295410250656e-02
-1.495309366956943942e-01
9.597838042605380537e-02
-9.085636730120552618e-02
2.572616450990908299e-01
4.792962653961249653e-02
4.427534074872114811e-01
-1.053964392846496040e-01
-7.324268583077737926e-02
3.873603867492437791e-01
6.061426569183350210e-01
-3.348156590860434934e-02
-1.470886343072970170e-01
4.252260446968414986e-01
-3.163558260353334373e-02
-9.390473852420530565e-02
3.563467040484730869e-02
1.503862612489448303e-01
-1.201313370242359235e-01
-6.809237687517973037e-02
9.398206685613905154e-02
-6.639515571470819277e-02
1.561952573344829176e-01
3.792499971007953080e-02
-1.763692228595046263e-01
-6.589231577901152881e-02
-1.832974917099309264e-01
-1.184732859699813567e-01
4.847035871314941957e-02
-1.011693506161178147e-01
-1.106586443205624382e-01
-5.812578066352839384e-02
3.446399422528361178e-01
-1.057515049351977904e-01
-1.918725714750246225e-01
-9.396568084522360920e-02
-4.279549382168549090e-03
-6.909120053858817945e-03
3.026925159032965995e-01
-1.708154592199805366e-01
-1.236893702601744444e-01
-1.205093384018065539e-01
-2.136970443263661590e-01
-3.873293666310596850e-02
-1.896222502338099081e-01
8.426252323172167547e-02
-1.417372245562291133e-01
2.118778252466034517e-01
5.471589270806702376e-03
1.315745399150575756e-01
-2.265386764736758984e-01
-1.523775036912697334e-01
-1.377744104622918575e-01
-3.643229682227864391e-02
4.323915022326770830e-01
1.824409467098325396e-02
-1.295890079108738269e-01
-1.403095799277996325e-01
1.577560099550832234e-02
-3.540309624669672750e-02
3.829541919496642910e-01
-1.363799582853026937e-01
5.480047053264854862e-01
-1.227114694414951912e-01
-7.700709292747656698e-02
2.538009614417883753e-01
-3.213693609945986879e-02
-1.276528175656654329e-01
4.392800149878012261e-01
-8.519336310687949942e-02
1.911056940212535471e-01
3.517774899228290897e-01
-4.770634378549982318e-02
-2.314553814339808668e-01
6.338147892387957505e-03
-1.764353641623236657e-01
-4.012342576462882976e-02
5.805673829715082834e-02
1.280740203116557258e-02
1.320033283611968256e-01
3.674380626499267333e-01
8.090211214840552223e-02
8.721311621587138352e-03
9.245930826471376873e-03
1.347456816878568886e-01
-1.671121095879939955e-01
5.831693462725909272e-02
-1.280697194090686108e-01
-9.892116833316989821e-02
-9.867741060772244888e-02
-1.028930764519368213e-01
-2.007802910435335098e-01
1.700548216218037423e-01
-1.735874306358196062e-01
2.333750252991519947e-01
-1.607396312137155669e-01
-1.917289257593481899e-01
-6.666031049438411737e-02
-6.881298144341710388e-02
-1.734859672803064010e-02
1.985045494732178700e-02
-1.566680458363696460e-01
1.170278382319249466e-02
-1.395755805718063014e-01
-2.265386764736758984e-01
-6.303840758289963597e-02
-4.159873084215497119e-02
-5.997333971872788327e-02
-7.314364872197708090e-02
-4.647123905297866064e-02
1.420303767740140749e-02
-8.653651970740604271e-02
-1.871580820804386036e-01
-5.005616775701930699e-02
-2.007502761589847196e-01
1.379124723723904045e-01
-1.088371712326496876e-02
2.041960326520006475e-01
-1.397625536590482997e-01
-2.298340568498898895e-01
-1.179943864607853332e-03
-2.265386764736758984e-01
-6.381102747960701316e-02
-1.300640657686841783e-01
2.064729838775925669e-02
2.560392529197151323e-01
-1.410938718554766713e-01
-1.367641124696391819e-01
8.403616164892788176e-02
1.146485441970005459e-01
-2.334044825968337733e-01
8.327297669598941743e-02
-1.289265788532429624e-01
-9.565577692459403814e-02
4.032094769264553402e-02
-2.453801964069488584e-01
2.930155437449933897e-01
-7.953708391984855297e-02
2.256189439757281812e-01
6.925517785718905417e-01
9.588311025719942204e-02
-7.102348162851843116e-02
-1.040280085118299308e-01
-1.024968054432131292e-01
3.903600342218281616e-02
4.932493399117521271e-01
8.057322136848354965e-02
-1.924099403872475689e-02
-4.384526139154134444e-02
2.220970914705199667e-02
1.330128282007745633e-01
1.715020160821597306e-01
-1.080900827719547541e-01
1.174196069422701050e-01
-2.000933733121779690e-01
2.977000385428710816e-01
-4.479724644509475856e-02
-2.592619491694557743e-01
5.999226764385552357e-01
-1.690599838424539092e-01
-3.773878491989905715e-02
-1.667894918017515105e-02
-2.380923651693450105e-01
-2.436926713912309916e-01
5.210292621245955769e-02
-1.315347588335224749e-01
5.641026057952400197e-03
5.138060576305905069e-01
-7.803028535713317504e-02
-4.674739187980689326e-02
-1.559816690978144821e-02
-1.141407399562253677e-01
-8.293268926032798527e-02
-1.065644834792102147e-01
-1.399366022316648472e-01
-1.841693401018599241e-01
3.190320618492947791e-02
-1.050755747832748804e-01
1.365816001694313275e-01
-1.343137313674654665e-01
-1.742188284125421593e-01
-8.891436684499623433e-02
-1.812982635159860467e-01
-1.804683156449742032e-01
3.261476301879913664e-01
-1.917566290745296165e-01
-6.530706921928008946e-02
-2.165768857510380618e-01
2.919582549108646341e-01
2.364386536110797410e-01
4.794744051792379502e-02
5.999226764385552357e-01
-9.137540249181942686e-02
-1.051863270756498991e-01
-1.461639710204021003e-01
-1.544102398547003360e-02
4.134916449900297858e-02
-2.265386764736758984e-01
1.791204691147602057e-01
-2.228918602215810563e-01
2.526752484710162450e-01
-5.411388021124722419e-02
-1.238965636823387839e-01
1.891574979200096873e-01
-1.970302172999893464e-01
8.104486166139762693e-02
-2.033965680942485463e-02
-2.073002248188290930e-01
1.618549194529347035e-01
-1.636717446129740960e-01
1.535267613197231762e-02
-1.591437271669564335e-01
7.888005869843367490e-02
-1.479825734868415663e-02
1.476513370099033495e-01
-1.478283695620066507e-01
3.753959033602737305e-01
-9.975008859063492703e-03
-1.251589758857415691e-01
7.839878379976727985e-02
-1.240725560981493364e-01
-1.527387399286185832e-01
-3.651331231007629019e-02
-1.368138815457666316e-02
-2.840622324108760255e-02
1.198386171549560147e-01
1.029936862388355356e-01
-1.246628744464372968e-01
-1.551474436947171409e-01
1.270923857286446190e-02
3.267519612449643063e-01
-1.331020088685207214e-01
-2.158929304518466055e-02
-1.949363359562910625e-01
-1.027557531323100432e-01
-3.395594439268694725e-02
-9.386851740942597777e-02
-2.308385324360008595e-02
4.596162207956415724e-01
-1.148368215975009432e-01
4.279841309231362245e-02
-2.265386764736758984e-01
-3.745217943807703509e-02
-2.236939095508443109e-01
-1.171593249901251022e-01
-1.553803726707743971e-01
-1.003361585983239268e-01
7.376696018240039843e-01
-1.396235891947970320e-01
-1.864850811071826209e-02
-1.090408363494786009e-02
-3.887294793749394156e-02
-7.505427697079268545e-02
-1.458383734620247729e-01
1.095577413465223804e-01
3.010011769727942155e-01
-1.974881717639749845e-01
-1.769592856584708065e-03
-3.348156590860434934e-02
-1.317642130271786671e-01
-5.505302668700987057e-02
7.376696018240039843e-01
1.118845505082011610e-01
1.019605830841726485e-02
-8.513402234839798077e-02
-7.418469429622576161e-02
-2.265386764736758984e-01
-1.021993295793611756e-01
7.049531499554104186e-02
2.257121763285885319e-02
-2.052017842766660702e-02
1.912372301749680759e-01
-3.106801723472454868e-03
-2.614100344654295416e-01
4.974877834674994170e-02
-4.403866428573049996e-02
7.372694338518094581e-03
-1.488875034584380419e-01
-3.550729664646591621e-02
-5.647527120597087280e-02
2.940003420438148662e-01
-2.426681553362416630e-02
-2.667133426928630091e-01
-4.674693009760514176e-03
7.376696018240039843e-01
-7.706694758149183755e-02
2.761914258157431301e-01
-1.867143897501115091e-01
-9.749881705194633763e-02
-5.890992210858364553e-02
4.561531659231304187e-02
-8.658593304875815411e-02
4.177349417018998978e-01
1.639424609553424284e-01
-2.149685621415247661e-01
-1.486342487825222103e-01
2.138177151059191261e-01
4.816277975165761949e-01
1.321482736762135402e-01
-8.709387720801117783e-02
-1.674389735706935667e-01
-1.372916742732843698e-01
2.173585571504482172e-01
-8.232512194227985247e-02
-1.194965506884904799e-01
3.691612160997184700e-02
-4.742459751618036817e-02
-3.798811647015098991e-02
8.720232459294305349e-02
-4.237550513651981016e-02
-1.196600754138613248e-01
-1.466813924189123153e-01
1.104393832381363183e-01
-2.825973032629171267e-02
-9.588738866711188358e-02
9.802199598051762608e-02
9.745679962866836410e-02
1.802151040087997536e-01
-5.700662657857973742e-02
1.873337492764740320e-01
-2.062145158692480634e-02
3.287181806430569675e-01
-1.051004972467646237e-01
3.250607195347617884e-01
2.581361416667020681e-01
-1.172414500061883941e-01
-9.246922217470096572e-02
2.404769866773397713e-01
-2.258278400860187218e-01
-1.238398035469912700e-02
-1.714845306299738192e-01
-1.602528614110679261e-01
1.524431329406452373e-01
-2.821574527836973045e-01
7.376696018240039843e-01
-9.762430792968461446e-02
6.044354641718008986e-02
1.481048213160676141e-01
4.726651761459095269e-01
-4.201221456910368690e-02
-1.046532240426114313e-01
-1.646758390472662925e-01
-3.633890928274581544e-02
-8.028616873467189774e-02
-6.267630855129938117e-02
2.013836693054644189e-01
2.631626280432346893e-02
-1.229845227406828889e-01
-2.427869943776103656e-02
-2.957146967704713664e-02
-1.146281646964130430e-01
-2.236643770943894105e-01
-3.238222960992524074e-02
-5.334915382948998003e-02
-2.283001445458233969e-02
-1.282325309371348809e-01
4.355674531310148312e-02
-1.375764546562356916e-01
-1.334037319541135913e-01
-1.159248317742637563e-01
-4.085265963368797659e-02
-1.385257098743699622e-01
4.085354787866754545e-02
-2.265386764736758984e-01
-2.009215085643070164e-01
1.306589311039066392e-01
-1.862798958988696185e-01
-1.236047528757073799e-01
-5.989984928188803182e-02
-1.502072821524369495e-01
7.061085535897347609e-02
4.161720322870606781e-01
-5.959687534785290675e-02
2.644418328338057206e-03
-6.449990438835201401e-02
-1.937271880508024680e-01
-3.624690827098401430e-02
-7.682141558835275941e-02
-4.385396459495059795e-03
-1.907888655694317537e-01
-7.909542909541766864e-02
-1.653308916482934265e-01
-2.650720324912392289e-01
-2.242302814796192645e-01
5.766500554396522538e-02
6.082362994919101457e-02
-1.643891358779387135e-01
-7.327644335813587873e-02
-1.227528632646303075e-01
-5.403693478282187157e-02
-2.265386764736758984e-01
-5.653611001928188912e-02
-1.862181098595676043e-01
-1.995050827688567008e-01
-2.138967168968838178e-02
-1.839960856528595756e-01
-1.345468610652863356e-02
-3.537228998190582868e-02
-8.687099260482980534e-02
1.075041143936307370e-01
-7.057931021038679753e-02
-7.488959449809179381e-02
-3.273575799299204003e-04
-1.572056854749017962e-01
2.247446007854054240e-01
-8.253611043323119678e-02
-6.809567243849394547e-03
-7.654895585570209438e-02
-9.091247993304835129e-02
1.175764742141958558e-01
4.931391227005023359e-02
2.498599343976290743e-01
-1.517244164317876343e-01
8.726605215288991968e-02
4.734364980983988419e-02
8.838487923522955758e-02
9.281697182759802989e-02
-1.809979944235893812e-01
-2.519095722702300311e-01
5.186185084264367529e-01
-2.139456131454265941e-01
3.422681669551760897e-02
-2.354296624294756057e-01
-1.080591891943262495e-01
-8.978541164299762289e-02
-1.598500780353432904e-01
7.376696018240039843e-01
6.036459016451947157e-01
-7.706521339455754682e-02
-2.225276369237426388e-01
1.179352079747929966e-02
1.565236763157949462e-01
-1.239142378683421308e-01
-1.824188741304743899e-01
-6.533973778483427586e-02
3.491596591927299126e-02
-1.556854171914172635e-01
-1.113732252296950193e-01
-2.257249633129252420e-01
1.944666099994401542e-01
-2.420204094926120889e-02
-3.675908340320065137e-02
4.394221993297281470e-01
3.781991012945906672e-02
-9.176432590324140603e-02
-1.860667465473850868e-01
-1.082379740977628957e-01
-1.970161416098343832e-01
-1.813031847505890415e-01
-8.878773121497382514e-02
-7.226078827969820151e-02
-1.074218711779919566e-01
-2.021853848343165283e-01
-1.718230627977979375e-01
3.368131587866630694e-01
-6.248351322538299446e-02
1.441251285864321718e-01
-1.042217177882423518e-01
-2.062773536452750522e-01
-3.348156590860434934e-02
3.461258698261766575e-01
-4.766166751358824616e-03
3.967770593556102510e-03
1.687259464645983476e-02
7.602050799231302447e-02
3.115869056448526964e-01
4.909504918007702168e-01
-5.885854471285976997e-02
-3.565341576487544850e-02
2.942944233560114142e-01
8.349383280656325068e-02
-4.783448431196855172e-02
1.216516356381020791e-01
8.661817278352804128e-02
-4.379998434211689051e-02
-6.009855671168448654e-02
3.937017274176759507e-01
-1.827170684654194285e-02
-1.103265846458390265e-01
-7.036406319118512775e-02
-4.992765963013343772e-02
-8.343329191342142848e-02
5.256911178265053497e-01
-1.179737756157178963e-01
5.786387030793205266e-02
-8.543897695137475656e-02
8.471267963911177645e-02
-8.635398696010426756e-02
-8.557923940662014173e-02
-1.935375068310684621e-01
7.033833802645803046e-02
-5.998580173324301323e-02
4.018848079942796137e-01
-5.538491063467827769e-02
-1.544771964785043861e-03
-1.291030676352257767e-01
-7.224985925643172269e-02
-6.604053305032391019e-02
2.710949731758220682e-03
8.006460507848900399e-02
-2.118010017583433768e-01
-1.666439417662564648e-01
4.158689632436316508e-01
3.106972226070103815e-01
-6.866726397935907222e-02
1.455213344564695310e-01
-5.586050005949239061e-02
-1.724357356037189426e-01
1.321482736762135402e-01
4.176502690384149841e-02
2.710949731758220682e-03
2.228810190808281078e-01
-1.769990420959501043e-01
-8.222104992971145110e-02
-9.394482419111141458e-02
-9.236373660179417189e-02
3.974128947034906156e-01
2.289730016863677012e-02
-7.280155430363766111e-02
-2.227998353781693308e-01
-1.524366762545399656e-02
-1.780198950599075347e-02
-8.503745360416187227e-02
-1.320081926869789979e-01
-2.150813896547968951e-01
-1.825578592728215876e-01
-6.844787508523161867e-02
6.505651541262526261e-02
4.722454497881785063e-01
-1.728351227285843950e-01
6.114313911764780729e-02
-2.449894937441492518e-02
-1.276052794856458172e-01
1.753326748992838358e-01
-2.049471799451715037e-01
1.357690782878333557e-01
-1.280742289110785304e-01
-4.564624156946742173e-02
3.348242325677814983e-03
4.142454322480176518e-03
1.534282555251994529e-01
9.564431016249277939e-03
-1.526288189048750910e-01
6.824232994042762623e-01
-1.346699633983415301e-01
-6.272476810069947672e-02
-1.870824682714661291e-01
-2.362635919477844570e-01
-1.495793948640867232e-01
-8.983956743394534705e-02
-5.548119416074419330e-02
-2.022599311294721869e-01
-1.786733343180089972e-02
-2.466542043193226119e-01
-2.926643208334175905e-01
-2.024583633768763102e-03
5.471853976336286118e-01
2.740577783253960592e-02
2.133315926284249514e-02
2.654417813607935495e-01
-1.214890519878809721e-01
-1.027996236716970657e-01
-6.537102806592985649e-02
-3.495308344936461087e-02
4.708665485650155302e-01
-1.382570902510926736e-01
4.161720322870606781e-01
-2.159268848078731151e-01
-1.502072821524369495e-01
-5.398183350923938667e-02
-5.976032347104015541e-02
2.401970175150168474e-01
3.414377620360684595e-01
4.059351384236638272e-02
-1.576490836060058798e-01
2.426023213451472538e-01
1.321482736762135402e-01
1.190684479775196980e-01
7.954090781679989952e-02
6.475876369630779311e-03
-1.198601399788907368e-02
4.807971868597462617e-01
-1.115908950021058249e-01
3.523732958009184041e-02
2.588633768975667215e-01
-1.207810104661098116e-01
-1.176778736355833244e-01
-2.232540623390337486e-01
-1.864419029976040199e-01
-1.425253020903238244e-01
7.282499736139136370e-02
9.737687709366479871e-02
-3.403409751444297360e-02
-1.196356218396524458e-02
3.673652103019154902e-01
-9.776794678303396546e-02
-2.108500523088904510e-01
6.244278303558072063e-02
-1.830986428900562013e-01
-1.333753094787696603e-01
2.195875591742333377e-01
2.588008407068743133e-01
-6.211634705012136076e-02
-5.754410295751043875e-02
-1.258702453196904048e-01
-1.967858049392863795e-01
-2.289825472430060127e-01
-1.743085842662904228e-01
-7.274691002394495856e-03
7.383148596950037112e-02
-1.012630595719646032e-01
-1.792007407153379736e-02
-7.779753838824932100e-02
-7.517545541563680489e-02
-2.194196228833243389e-01
-1.453750726988809472e-01
-5.933586481045638461e-02
6.213165910672109327e-01
-3.348156590860434934e-02
-1.793235983582630033e-01
4.883742304697804432e-02
3.212677716998249555e-01
-4.584741480521314222e-02
1.899500404310307811e-01
3.842210605526911738e-01
-1.757684619599861053e-01
-5.874425023216288400e-02
-1.104742397039809587e-01
2.639773914696212920e-01
4.504108418180092777e-01
3.420273971038619715e-02
-4.637296801822683723e-02
3.219868247091645097e-01
5.932411550408066281e-02
6.374334178047094679e-02
-8.304267397595194167e-02
2.219631118067884046e-01
-1.770114435813559262e-01
-2.120076545525841349e-01
-7.986482791691999761e-03
-1.233174469078170826e-01
-9.454293787071071931e-02
-2.025163801403935815e-01
9.082922678345889400e-02
-1.496737356488390958e-01
-2.411899793278952653e-01
5.180832799135912659e-01
-9.092119964968616019e-02
1.236121661698455360e-01
-9.898196354448143830e-02
-1.146843344571531614e-01
-6.498667736400931538e-02
3.479118605063205583e-01
-4.122963079936807496e-03
9.646815756197255065e-02
-4.101343414824543815e-02
-1.227317958749249566e-01
1.565275166618394498e-01
-1.695874984164052468e-01
-1.494485268594044070e-01
-1.311556626168239315e-01
-1.329635610298527115e-01
2.090662555927108035e-01
-2.235580956931393359e-01
2.803906239684701984e-01
3.192116945752959678e-01
3.241389054153552829e-01
1.663833323916499296e-01
4.024559964984979199e-02
1.637651426034373026e-01
5.999226764385552357e-01
2.934161993562815762e-02
3.350807463664398633e-02
-9.411027132396337924e-02
-6.312382735520929988e-02
2.710949731758220682e-03
-1.004005367490181100e-01
2.917919126705248445e-01
-6.156285244926171241e-02
1.346574982825608779e-03
1.814938432353556397e-01
9.192983384887525034e-02
1.082925902957632275e-01
-1.822235114385733490e-01
3.076349478919645497e-01
1.697514437527751774e-01
-9.210248898935319284e-03
-7.139034679567460295e-02
-1.058741038601147266e-01
2.983364905135845735e-01
3.143991421208394699e-01
2.708333062587956475e-01
-1.725270820075700540e-01
-1.558545797571283809e-01
-6.123193895059696190e-02
-1.340140357680017769e-01
-1.294285476284778857e-01
3.278101921363441029e-01
-2.162970949242178087e-01
-6.464644612833449211e-02
-5.677119315493958651e-03
2.428919425614482486e-01
3.868394741756389643e-02
-1.300664185959879426e-01
4.043049265889533950e-02
1.184411749890933452e-01
4.502737196030862088e-01
-1.209698044675736051e-01
-9.425935714940815446e-02
-1.545993906678749252e-01
1.147913052663677297e-01
4.697272396332627387e-02
5.173541911412704586e-01
4.191193048690957657e-01
-1.096593004401998500e-01
-8.580652147205715397e-02
6.074258285039454419e-01
4.636126877654282719e-02
8.195633235563123953e-02
9.270812837371619763e-04
-7.427869251102534043e-02
7.669252735187297859e-03
-1.338992278512362022e-01
-1.461069744755825461e-01
-1.346718797129462519e-01
2.625366075740308558e-01
-5.043936082935204790e-02
2.940942667636540220e-01
-1.566149730418282537e-01
-7.435464591807967871e-02
-1.141366368375872076e-01
-1.801751722548692869e-01
3.862455089275780851e-01
3.937604429918652171e-02
-1.000172068536577669e-02
1.529786615740514610e-01
3.265696094117228609e-01
4.530669960997287804e-01
-1.318240487349001400e-01
-2.265386764736758984e-01
4.508227717423096692e-03
-9.317711390714752961e-02
-8.997048164319298991e-02
-2.265386764736758984e-01
-1.581106340870834792e-01
-3.052121251263906904e-02
1.935395558930511906e-01
6.299524253240200433e-02
-5.590982069511030855e-02
-8.313117600769401316e-02
-1.391167340802358654e-02
-1.082732244610822014e-01
-1.447119004676832299e-01
5.813894113613584658e-01
-1.121497284615192019e-01
-1.156881379714469887e-01
-5.705410528323673347e-02
-1.615244980928179086e-01
1.399691439230355550e-01
1.758929668273937486e-01
7.577121103603315366e-02
-1.614363705052143660e-01
2.358963256536873443e-01
-3.077843551363126928e-02
-1.239425368058815480e-01
2.724990759687198616e-03
4.876400381403499518e-01
-1.018238388803557465e-01
-1.899406132373935574e-01
-1.396143493029827209e-01
-2.402325919263803289e-01
-1.059235388123643262e-01
2.570075909800736275e-03
-6.087538697009479971e-02
-2.869483299058112058e-01
-4.438470478522890672e-02
-2.657600122378914187e-02
8.232424354517181575e-04
-1.265117409761946921e-01
-2.575274191337747348e-02
2.458488165103724921e-01
2.689712342489410379e-01
-3.481661425807344723e-03
-2.086209894119056552e-02
-1.761928654741258260e-01
-5.715058673229064801e-02
-3.064450656015624969e-02
-5.200206419599319452e-02
-2.059952753109054735e-01
8.336884155183924006e-03
-1.575538817137175363e-01
-6.585259723206245142e-02
-7.231823680488735917e-02
-7.432755554380195140e-02
-3.027174911939220503e-02
-1.532569124270177774e-01
4.213536363145683472e-01
-1.348692562013853458e-01
3.435901580329234761e-01
-1.868606440270070002e-01
3.339154980191735289e-01
2.085684528542336436e-01
-1.289642596409824593e-01
-2.024083567843910358e-01
-9.638741630192815268e-02
-6.045226579796522670e-02
-1.545581959957211537e-01
-1.353218651955355456e-01
2.738641071576762842e-01
7.463125328965865279e-02
2.079917227652889472e-02
-2.133339735371230228e-01
-1.421144997314185143e-01
-7.609897627587096369e-02
-3.348156590860434934e-02
2.315836725225193238e-01
-1.165585585165697935e-01
-1.301967271184473474e-01
-6.623572032703688162e-03
9.862315316444186797e-02
1.006542243208902870e-01
-2.369094835436122704e-01
-5.900095181447317233e-02
-3.584454006633969181e-02
9.174116449606155299e-02
3.743143418980129367e-01
-2.265386764736758984e-01
-1.443539091940262281e-02
-3.987746478515061949e-02
8.419930394137548069e-02
3.207937627246703477e-02
2.076252990516485042e-01
-2.040210447632867519e-01
3.610213304930565137e-02
3.874983114253878758e-01
2.413673111118346259e-01
-1.005785416450043768e-01
-1.472636839802767272e-01
2.553866562257709610e-02
-1.978872679339561680e-01
-7.064271590190311645e-02
7.654968594692257433e-01
-1.643736193289887237e-01
-4.881531480977465559e-02
-8.232147713544568646e-02
2.759350569827467847e-01
-1.489643718911830561e-01
-1.076053069465823103e-01
4.699490983980992853e-01
-1.038758603568651351e-01
-1.337376730143793879e-01
3.652474188764823215e-01
-1.460949521578972787e-01
-7.846862721250766337e-02
-1.031637428696323133e-01
-1.089962664219462363e-01
1.853600459828517177e-01
-9.203223740111773910e-03
2.004446294815813157e-01
-1.066995284891268936e-01
-9.708873299184390959e-02
-4.414339511362146834e-02
2.254430806855865776e-01
8.661108517522621286e-02
1.906302651395709591e-02
-2.599641072402006925e-01
-2.282928239199853993e-01
7.376696018240039843e-01
6.341322151124070827e-02
-8.485987455428727066e-02
-5.029055923979729170e-02
-5.200173181526754340e-03
-2.369529244139701452e-01
-4.602111306843900684e-02
-5.690031629487868337e-02
4.441612447067452146e-02
-1.384511324867081228e-01
-2.585155266989571862e-02
-2.433974407163831677e-01
-8.227890571356545613e-02
-2.265386764736758984e-01
-2.147262260354033947e-01
-2.265386764736758984e-01
-1.268645286967061414e-01
1.793128955877635322e-01
3.935496319639868457e-01
2.985972713360258157e-01
-2.764818870980091658e-02
-3.139662889708639826e-01
-1.658022101236394930e-01
3.190457814895147348e-01
-1.770712780297106215e-01
1.280987610724024402e-02
-1.180487007232101648e-01
-1.655022754350862491e-01
-1.389748016156709676e-01
1.155026917305391476e-01
6.147558346782221461e-01
-2.438985714436036067e-01
-1.516445551311779716e-01
-6.742569800606430797e-02
3.544323369132917345e-01
4.335021113125184788e-01
-1.657845501359948015e-01
2.671992451774093599e-03
2.449916567760510033e-01
2.457683446131209981e-01
2.021133009903842703e-01
-1.339831476835603163e-01
1.604503197991927199e-01
-9.733976791107358528e-02
4.211483035618940329e-05
-1.090452079099744898e-01
-3.888216537257872113e-02
2.984865738895746690e-01
-2.192414862415734689e-01
-1.180638140783282081e-01
-1.787021853720609510e-01
1.773343671749957884e-02
-2.035872240701633862e-01
-1.194912273637733502e-01
3.350807463664398633e-02
3.903538344125115356e-02
-1.337096733388078440e-01
-2.605167958198933986e-01
-9.041871662437753199e-02
6.568331245191806611e-02
-1.443275325243943141e-01
1.195749997789770924e-01
7.376696018240039843e-01
5.219565367537339906e-01
-2.277766554826721745e-01
-1.516095174285497227e-01
5.338119631886697469e-01
7.376696018240039843e-01
1.294438534563769339e-01
-4.843012886030464287e-02
1.760195127031571327e-01
-5.857542685928961157e-02
4.741439489516068306e-01
2.222948993348734803e-02
-2.281248382480667303e-01
7.621411227477647987e-02
-1.070532293320604345e-01
-1.087738056972761547e-01
-1.214022640645594231e-01
3.615202266830841449e-01
1.006191050657931629e-01
-1.618980721097734721e-01
-1.038027467095914980e-01
-4.670803798665492529e-02
-7.779512469421642762e-02
1.538988720123373732e-01
-1.085314234360875985e-01
-1.865104546678520436e-01
2.734560364566511192e-01
1.650051407852076990e-01
-3.552798598893350951e-04
-9.893444445374902085e-02
-2.297009506218790006e-02
-4.353204480223803879e-02
-8.510772351008707992e-02
5.186775252188744606e-02
-7.017956454890515727e-02
-1.819566319356450412e-01
-9.378795159798133940e-02
-3.804987259222546159e-02
-1.238096980847045933e-02
-9.305215367321338638e-02
-4.115428465967352345e-02
-9.861156844235868801e-02
-7.527907639636763348e-02
-1.701372736965270360e-01
-2.169817886647446015e-02
2.545061548751749170e-01
-1.450101735615966503e-01
-2.034455421414280707e-01
-4.384526139154134444e-02
-3.930608869251334125e-02
5.496021348219892050e-02
-1.688213901058332189e-01
-7.336020915619498317e-02
1.660688386487875201e-01
-1.051035846990885092e-01
-1.089988167581044387e-01
-8.273020548137555163e-03
-5.881963840222580175e-02
-1.146420389316695626e-02
-1.604592563156924667e-01
-3.339201334925975123e-02
-2.335457764783830381e-01
1.336309614187627948e-01
-9.182482121701505962e-02
-4.395567335774924755e-03
-1.237398297494096827e-01
-9.280940899523131005e-02
-9.026619795985346695e-02
-6.047285190069788541e-02
-6.739816805066928262e-02
-1.810297563562708878e-01
-1.621320079809784598e-01
-1.477363006894450437e-01
3.903700935426369922e-02
-9.894220605122847068e-02
2.350508167932666148e-01
-3.992886620718402724e-02
3.542393961658038548e-02
-1.386989946040736443e-01
8.631314342975555942e-02
1.579962861813654501e-02
-2.819813193897195355e-02
-1.897701993184287561e-01
-1.400187484387369063e-01
5.556486532378757115e-02
-6.381027815449961949e-02
3.556394056010533378e-01
-3.302762134234737967e-02
-2.001889757471607967e-01
3.553256589822566258e-02
7.376696018240039843e-01
-1.118327397737653300e-01
-4.384526139154134444e-02
2.037189212530957083e-02
6.778093235379158976e-01
-6.249258644055340206e-02
9.787983346747776425e-02
8.562398636963364229e-02
-7.647000096920433809e-02
-1.405909744556085306e-01
2.653216666104193933e-02
-2.415657651843408082e-01
-1.062186638290341240e-01
-1.527843159130357620e-01
-4.285705491205257789e-03
3.346510911835601787e-01
-4.878569515991555694e-02
7.376696018240039843e-01
2.523369792272518453e-01
1.798933160725135760e-01
-9.604020429015913685e-02
1.538699345089063197e-02
-1.860232688146647995e-01
-1.427547505370246883e-01
-1.277995963362427156e-02
3.124846333801998277e-01
-2.200735673506125645e-01
-3.686800746972310194e-02
-2.265386764736758984e-01
-1.509590909051313212e-01
4.422496842258214489e-01
-4.181298877937378311e-02
3.450880570754074617e-01
-6.544661005063633075e-02
-2.265386764736758984e-01
-2.541352555155556442e-02
-1.766342432111520366e-01
4.422087513005000525e-02
-2.857179591055809126e-02
3.416297131313209695e-02
6.258260075792584365e-01
-7.594644229379000910e-02
6.586998277015142234e-02
-3.016647043209711998e-01
-7.610433317050574464e-02
3.519664699134988917e-02
-2.297846351748692728e-01
-1.225122836384449077e-01
3.740967491916992738e-01
2.381022523437283447e-02
-5.343680508456291611e-02
-2.303342241348427244e-02
-1.517807985213809330e-01
1.321482736762135402e-01
-1.371154449811083365e-01
-7.966132075052551748e-03
-1.856548882734065931e-01
2.543231151996368233e-02
-3.001007817602631064e-02
-8.227296366804948136e-02
-1.588250585135347615e-01
2.902314780713776132e-01
-5.846364596984876538e-02
-1.440069481781659499e-01
-1.417670711776946868e-01
-1.691932322312711956e-01
-2.191708570675537232e-02
1.719036860849989523e-01
9.447015484582788059e-02
1.770955593510663006e-01
-1.902570521526650016e-01
1.231977395770436912e-01
-1.854762139730626869e-01
-1.502271329233148267e-01
-9.807940428367314945e-02
5.631998087669150277e-02
-6.575492355025885916e-02
1.040477074345262515e-01
3.383449642028443088e-02
5.142233324101364023e-01
3.874963952399393952e-01
-1.411785515197998830e-01
-1.367158169163155690e-01
-9.689530970115688147e-02
6.092902422096684728e-03
-2.263894210689283426e-01
-1.323622458559226278e-01
6.527437182078128786e-02
-2.150073661276432069e-01
-2.398395313016373209e-01
4.778473634364231726e-02
-3.348156590860434934e-02
3.519529717310236894e-01
-1.320225296609170151e-01
-3.348156590860434934e-02
-1.337045652801226725e-01
-1.287169161627675362e-01
-4.934825613208809747e-02
-1.311330399703397598e-01
2.044824760191229496e-01
-9.952967457381817207e-02
-1.206174185746534400e-01
-2.673998006716694908e-02
-6.630649202718330582e-02
-7.366168664932895571e-02
-1.326191613296572314e-01
-1.000985248986217407e-01
4.572358486087992890e-01
-2.305696533389591310e-02
-1.699957278152805507e-01
-2.098049611999087682e-01
7.819627430744133245e-02
-6.798409021722483236e-03
2.226677025077242744e-01
-2.060523490982727191e-01
1.327866912388267207e-01
-1.890993585922301767e-01
3.834471391754413344e-02
2.335109774970845486e-01
-1.360027290570064440e-01
-1.568304039553392037e-01
4.336043423773341954e-02
-5.827476436363819567e-02
-1.136582791118801311e-01
-9.892901050512353800e-02
-2.080841462721238488e-01
-2.659708519261471671e-01
1.410082272634727990e-02
-2.021995540127805857e-01
-1.756679631335911485e-01
1.226233925443647038e-01
-1.324174644871820572e-01
-1.129463633103395814e-01
-1.346882927971221888e-01
3.741975610033424493e-01
-1.875777028889518139e-01
-9.034507758191345772e-02
-3.348156590860434934e-02
-1.760189084349570443e-01
8.097052824315603692e-02
-1.621173837806699769e-01
-4.888286773493035614e-03
-1.282465410585258980e-01
2.456634944982178936e-01
-1.047767122952669994e-01
1.773947500868692378e-02
1.983042382268401516e-01
-9.604043058525272777e-03
-1.574896412104868637e-01
1.371146283707163349e-01
1.478049874495876437e-01
6.912979737019006587e-02
-1.242619157281152076e-01
2.718786193503288651e-01
-1.421100095818738640e-01
-4.384526139154134444e-02
4.719505299570992962e-01
-6.771677633266244556e-02
-1.760708470007265602e-01
3.793471433817198479e-02
3.111062795357211891e-02
-1.328531157451800782e-01
4.193045906079052587e-01
-1.913191865388570445e-01
-1.998731007181870079e-01
-1.656609483685935191e-01
-3.402057822000711246e-02
-2.091717204982375122e-01
-9.396391727273122052e-02
1.232697042884657312e-01
9.190844798063332877e-02
4.521963080430186910e-01
-1.823350566210620305e-01
-4.670909321218955079e-02
-7.863246718191448104e-03
-4.303974500735746611e-02
-1.107171019641137732e-01
-8.329704542616403473e-03
3.293434033391460236e-01
9.862072689917314450e-02
-1.483946778377109865e-02
1.418907691585729984e-02
-6.367930993609390022e-03
2.384086799969896975e-01
-1.411521655214467152e-01
-1.529478665176864927e-01
1.931531716899414497e-01
-5.590982069511030855e-02
4.008184209748400645e-02
3.565145187216187672e-01
-4.785680820459600748e-02
-1.750599874601061756e-01
2.795735501064910977e-01
2.482365884115298182e-01
-2.338904819739778471e-02
-2.312325643077629139e-02
-9.965472821196620645e-02
1.353356544973266795e-01
-2.126805213731410293e-01
2.099839963893670308e-02
-5.867039929801823317e-02
-1.305574702854155611e-01
-1.694098902363102011e-01
-1.162535197072718796e-01
-1.818838145710474086e-01
2.634778817774330872e-01
2.572950724622127816e-01
-2.265386764736758984e-01
-8.940815186462075514e-02
-5.928237905662835788e-04
-2.035872240701633862e-01
1.469611263506759857e-01
4.176502690384149841e-02
-2.066420819845873336e-01
-1.804375247008014882e-01
1.897099094095181515e-01
-3.626488612983480575e-03
4.610939071677923606e-01
-2.265386764736758984e-01
1.472092565106813411e-01
-3.065164915206772811e-01
-2.066420819845873336e-01
1.471477812776820771e-01
3.409755707987660589e-01
1.706152486687426140e-02
-2.080377972723135016e-01
-4.071819995226734490e-02
4.881068325801704022e-01
-7.129832645990596962e-02
6.179184962932676717e-02
1.485912456721241726e-01
1.470760506757177490e-02
-1.154546475932946153e-01
3.308266898228278130e-01
-3.894232529635839601e-02
-1.097525724495838351e-01
2.235075308310299075e-02
-7.520583068386771375e-02
4.983053050127116412e-01
-6.053786463127933115e-02
-6.793223176351984027e-02
1.777168760144378912e-01
-2.032305609766902887e-01
-1.554000522709563480e-02
-8.957128658642313224e-02
-1.651441505614305028e-01
2.387382905011024292e-01
2.839730143981542554e-01
-2.226190649297033475e-01
-9.503382495142632946e-02
-1.031016448690661447e-01
-1.221487033065878081e-01
-1.067759311167723463e-01
1.086028358976807856e-01
6.209216700144479240e-02
7.429375351542316652e-02
2.580991198652409224e-01
-8.273428281344150093e-02
-1.086399121059296036e-01
4.281350669427739786e-01
1.660004954820247791e-01
9.483254226959234034e-02
-5.152494378896240596e-02
2.445879900113923644e-01
-1.655419596780264846e-01
5.814724672413088546e-01
-1.425722336127609458e-01
-3.984351433803665771e-02
-1.526866139591633864e-01
-9.925000487294741158e-02
-2.418725872695500212e-01
-1.352595435824580916e-01
-8.260437919320967604e-02
-7.602773517718670881e-02
-1.129971635422121062e-01
-6.691815602205417046e-02
9.983798840346191916e-02
6.352878505111995977e-02
3.129440171035577922e-01
-5.286041671762783251e-02
-1.875722782169055303e-01
-1.905459944689454621e-01
-2.571941334979116478e-01
-1.139958750914609742e-01
-2.149174694203277169e-01
-1.736175814916195714e-01
-8.382163077631960002e-02
-1.719652689365278875e-01
-2.299187691035428915e-01
6.892666240934852695e-02
-1.415171797903546635e-01
-1.332819074963764450e-01
-2.258447350295740286e-01
2.798341630697101512e-03
2.806892006037354226e-01
6.265000376728731002e-01
4.593746907358313147e-01
-1.886945774177068436e-01
-5.524372911150491477e-02
-1.128970347698566024e-01
-4.097058327912910664e-02
3.021311479835939867e-02
-1.095997411692098411e-01
-3.348156590860434934e-02
-1.916313675086782353e-01
-1.078505214055239941e-01
2.903182645771767989e-02
2.982349536279513824e-01
-6.923143868408188767e-03
-6.014387025221794303e-02
-2.268861420299553566e-01
5.443609092284272810e-01
1.210282066881492868e-01
-1.277706743550313662e-01
-5.966222024149023251e-02
-1.463504823723212889e-01
-1.936061857449802512e-02
-2.066420819845873336e-01
-3.349157225160655921e-03
-1.567559604073803792e-01
-1.558405220059537466e-02
-1.788508089432668813e-01
-3.348156590860434934e-02
2.734583589312075680e-01
-1.331191239601601239e-01
6.213165910672109327e-01
-2.147354454151934322e-01
2.550349850926052486e-01
-2.379632581576758832e-01
-2.718760116792900972e-01
4.699490983980992853e-01
-1.887310920232228018e-01
-7.751770550487567524e-02
4.079674955437819217e-01
-2.345987599038831112e-02
-3.348156590860434934e-02
-3.114175433366770523e-02
1.422386471774822470e-01
-7.842923298695170242e-02
2.823517027264658974e-02
1.556312676563790243e-01
5.244062487654762433e-02
1.863682978901386178e-02
-1.029586073898453857e-01
-9.422113396659138884e-02
-1.958540080963554753e-01
-1.192430597086700517e-01
-2.082667642455698909e-01
-2.390894597204042127e-02
-9.825956888292212976e-02
-8.796812497033669465e-02
-2.437569048811631667e-01
-9.635930638372729173e-02
-1.898276500420644219e-01
-2.710791337271042378e-01
-1.112332134758588637e-01
-1.694205927894016500e-02
-2.161272595674647024e-01
6.061426569183350210e-01
-3.280927957577031706e-02
3.896885248138163282e-01
2.535942165978140317e-02
4.323915022326770830e-01
-1.108336209074848866e-01
1.639346351016364722e-01
-9.276328215195805971e-02
6.728353613213317042e-02
3.735676159379654193e-02
-6.608363108274173392e-02
5.297220509827376134e-01
-1.028840471932845058e-01
-1.820918883105999142e-01
3.129973831683161012e-01
1.580411424488894490e-01
-2.069661376269552877e-01
-8.800485832513191276e-02
-2.408911642814988430e-02
-1.701257502057096915e-01
-2.163284988781223328e-01
5.611313346253803402e-01
-2.007814272060639421e-02
-1.420684792042856692e-01
5.626018493684552257e-02
-7.824557932467687826e-02
-9.008143503733337387e-02
3.669259028984746956e-02
-6.925362761603734429e-02
4.170970804171244550e-01
-8.801073320985966508e-02
2.523483844227301098e-01
-2.160603488452628174e-01
-1.125774268118051938e-02
-1.880560605035693500e-01
-1.767285958018633418e-01
-2.147507871893671316e-01
-1.359677208291373007e-01
6.213165910672109327e-01
3.421033715488771554e-01
-7.719413233914557138e-02
3.868394741756389643e-02
-1.039776790404478291e-01
6.165146459773794552e-02
-3.064523588799665521e-02
9.026065842888267299e-02
-2.896760212831143155e-01
5.710644510566666859e-02
3.927055704507822487e-01
5.722006224238469774e-03
-2.646093950340052681e-01
-1.141054743564722668e-02
-2.239994765782757913e-01
-5.788722442854590117e-02
-1.777509255127223131e-01
-1.747004923455033540e-02
7.376696018240039843e-01
-1.610137694989543511e-01
5.638488749330258232e-01
4.555917593373889907e-02
-1.020650966102277374e-02
-3.348156590860434934e-02
-1.512006322904158317e-01
-6.034482542498925683e-02
-1.929555566394556276e-01
-6.835326068626844387e-02
-1.168195884058981782e-01
-1.906544710092109018e-02
-8.742433461262856531e-02
-1.318217338588715815e-01
-1.201885431369656837e-01
6.990078184311672160e-01
7.512763345460715669e-02
-1.083332437985820157e-01
2.561384218331404228e-02
-1.391720320517494391e-01
-4.029530885489886194e-04
7.868819393002274287e-02
2.178957870228670837e-02
-1.378358188374637083e-01
1.592684076155236883e-01
3.951642912541164510e-01
-4.498752806256469533e-02
1.358209222556558682e-01
-6.411029066275027166e-02
5.729416191656032387e-02
5.934807895401324890e-02
4.592149068326392691e-02
7.376696018240039843e-01
3.798347858966990565e-01
-1.576901601984541101e-01
3.596921580473176894e-01
-2.007530499627185328e-01
6.167014683996218521e-02
-5.204988013370229205e-02
4.051830662358260060e-01
1.405986481184861026e-01
5.188154676003595839e-02
3.189937578807563456e-01
-1.417326285022753041e-01
-1.349784248680667154e-01
-9.103573811048309983e-02
-4.800219534215752204e-02
1.167386388255482604e-01
-4.129017608113298016e-02
-2.112958625441428706e-01
3.082749660816914289e-03
-2.220340116075862277e-02
1.152642076508311880e-01
-1.389419648277377684e-01
1.137201118838200437e-01
-1.235676775864403276e-01
-1.134385594285343413e-01
9.068866123105115418e-02
-1.091529937163845249e-02
-2.030648337261244107e-02
-2.602653658094765121e-01
-1.150424877639216747e-02
1.840187962843307656e-01
-1.600558507102841921e-01
3.285510024747857749e-02
-4.728916352463798101e-02
-2.114806523053442411e-01
-5.474486306786041645e-03
-2.058760569360328363e-01
-1.473205101247840321e-01
-2.265386764736758984e-01
-1.141928803298556533e-01
2.204572719621807064e-01
1.882348778657262633e-03
-8.963332107202773291e-02
6.248154985756710911e-01
-4.193369308149640790e-02
5.260979710467084125e-02
5.999226764385552357e-01
1.907992818499801846e-01
6.173459886033427768e-02
-1.341691990738841378e-01
-2.500266994857789360e-01
-8.403385760104799262e-02
-9.601079227918292436e-02
-1.442622788933933531e-01
3.433135696508231027e-01
-1.672162978469370342e-01
2.322894435746900021e-02
-1.554907941809256511e-01
6.061426569183350210e-01
-1.777704567942817449e-01
-1.512703480979154802e-01
-1.561899356560150220e-01
-1.017758902968060042e-01
1.897535950251029446e-04
7.376696018240039843e-01
3.483719849045915223e-02
-1.418049418997353872e-01
-2.265386764736758984e-01
-5.029613337550005447e-02
2.443003308677581531e-01
-2.823851771591226467e-02
-1.570435596164400649e-01
-2.105195149932577448e-01
2.933066055437166114e-02
-1.474177377524923394e-01
8.976590816062929301e-02
-4.108375062798730326e-02
-3.056991349876572173e-01
-1.824655380363290891e-01
-5.775198002763894112e-02
-1.945336569071005051e-01
2.639024841939616173e-01
-8.312938523144813852e-02
-1.712693189294026419e-01
-6.594874541868415985e-02
7.022356466240968487e-02
-2.875945373890920198e-02
-2.103059643454886773e-01
-1.214111225742905281e-01
-1.099630910415629326e-01
-1.219605050573027705e-01
1.578259706556436326e-01
1.680388101431611880e-01
-8.511432127607868048e-03
-1.681508720281488234e-01
-1.496353570265862576e-01
-1.643750034692619266e-01
1.914316786230663148e-05
2.373084560843358171e-01
4.006716299307020585e-02
2.463668928062887342e-01
4.182186982480101678e-02
-1.770014215457901829e-01
-2.481055367618902399e-02
-2.255863331569560315e-01
-1.015380387599670448e-01
1.685383431159021561e-01
1.149330081261718539e-01
-1.459349729732434264e-01
-1.022936692759723321e-01
-1.601390973416933761e-01
8.018531626078108376e-03
-4.330156256734710163e-02
-1.042348723683928502e-01
-1.971686144965547616e-01
-2.520373991807161040e-01
-4.753777466440939348e-02
-6.872706144966481134e-02
-1.853256165420751889e-01
-4.303869948180209792e-02
-2.485743459279051715e-01
-1.007789161674339795e-01
2.100904951804152265e-01
-3.143348553465294404e-02
-1.786125169131722035e-01
-1.151596341890369496e-01
9.405251087507079943e-02
-1.586846443541508611e-01
-1.835263075847290704e-01
-3.051629931193361109e-02
6.799851360812404766e-02
3.412932803897171796e-01
-7.387410536082904267e-02
-4.990841507275441818e-02
4.108770917474401096e-02
1.372158343622928434e-01
-1.318271475049805630e-01
3.280406991909456949e-02
-1.694674312073584099e-01
3.960481665755436476e-01
-1.865123132784022031e-01
-1.199342454068038355e-01
1.758374284517243147e-01
3.792639882306547694e-02
-1.605377137389841224e-01
-1.522544274165154032e-01
-3.083836242165979291e-01
-9.524782423055258573e-02
-4.448011875227662025e-03
8.818648161005836206e-02
6.644123017609884219e-01
-1.380298748969079614e-01
-2.265386764736758984e-01
-1.635525194540334293e-01
-5.437582106883331878e-05
-1.184856581823746785e-01
-1.838711779675994418e-01
2.820128430566252176e-01
-1.262054533391786248e-01
-1.835827433608517301e-01
7.865392422187050814e-02
-3.348156590860434934e-02
2.685363411948211293e-02
-1.598768956938433905e-01
-1.812015548579454793e-01
-9.040925412625779034e-02
-7.675588413701692203e-02
-9.251459458315955398e-02
-2.142670053851806755e-01
-1.134180067007494602e-01
-8.326906713311732489e-02
-1.589269939132924303e-01
1.372337451041904521e-01
9.290261707451813455e-02
-1.506757658033732461e-01
-1.456206128215155049e-01
-1.707462360624581732e-01
2.084788553811778578e-01
1.312213562105883913e-01
-1.282032609392721456e-01
7.325035789952168142e-02
-1.298112953682863113e-01
-4.363889820995527080e-02
-1.468804282161891572e-01
8.736050909308856749e-02
7.092680906010487840e-01
8.328679468530973684e-02
-8.585370919763615771e-02
-1.204871125409531091e-01
2.512892145769571317e-02
3.354852041514274838e-04
-4.835569629876993597e-02
-8.097431974909261032e-02
2.008327500939236648e-02
-6.890997818072752690e-02
-1.636028087462754743e-01
-5.671071273046039696e-02
1.206655091748830844e-01
-3.535668238385365758e-02
-8.372776814387393463e-02
-1.571444986677342226e-03
6.213165910672109327e-01
1.261816702285443181e-01
5.555703189268408337e-01
1.684706824970493011e-01
-9.187102125057003410e-02
5.906684369689240155e-01
-1.937891686403539482e-01
-1.835985502285434334e-01
6.054781558831860699e-02
5.425959105964975326e-02
7.559439378367557860e-02
-1.351762433980015776e-01
-1.307298725053803734e-01
2.509272757459826697e-01
-2.627520043596776600e-01
4.590018542047363120e-02
-1.039962828426937436e-01
1.489232528711132986e-01
-1.257286483447659364e-01
6.516948861762120737e-01
-2.265386764736758984e-01
-1.187396026732081833e-01
-1.394216211785754000e-01
-1.885434059364457168e-02
-1.755825856799148876e-01
-1.248917204073421994e-01
2.986084268101220074e-01
-1.255984103815473429e-01
-3.831237549915392226e-03
-1.318519361468443174e-01
-1.889855262532784685e-01
-7.357792942562285665e-02
-2.265386764736758984e-01
-1.756264730219468939e-01
6.787409728916246610e-02
-8.696879167888332818e-02
-1.676382411787358945e-02
4.865390097784159651e-01
-4.507801980050131496e-02
-7.054662346633254477e-02
2.397550105821542044e-01
-9.799651553776003721e-02
-1.140278834326161339e-01
-1.207689301186775782e-01
-2.265386764736758984e-01
-2.265386764736758984e-01
-2.011795728458822818e-01
1.989178645859138173e-02
-7.651940407433625857e-02
4.263670119890299731e-03
2.034417297041648531e-01
-2.282786288671576624e-01
-8.368003864124022584e-02
-5.787288833571755525e-02
-1.740914697570845326e-01
-2.265386764736758984e-01
5.592694467673307024e-01
-1.386198415917953286e-01
3.115477053741526614e-01
-8.209270383969644036e-02
-6.461030261726766200e-02
-9.749881705194633763e-02
-1.727803709721065228e-01
1.303661533071977935e-02
6.175697133590177801e-01
-2.119161703519472084e-01
-1.322810887690947235e-01
-1.721250753856656268e-01
-1.478728403290807125e-01
-2.265386764736758984e-01
4.643555126370355057e-01
1.984424368057557120e-01
1.017139027187196620e-01
-1.862397655210287772e-01
4.161720322870606781e-01
-1.765656005374495185e-01
2.016574431932235956e-01
2.260742629615112298e-01
-5.029613337550005447e-02
1.564204075215656631e-01
-3.348156590860434934e-02
-8.919976488908827605e-02
-1.893134732250894570e-01
2.896990695192758203e-02
-1.492380450840379291e-01
-1.452036318891300470e-01
-3.471231866248856990e-02
2.885482115855128593e-02
-4.034849088504859765e-02
-1.317461126315393471e-01
-9.562665963653706191e-02
-9.872799572543522473e-02
-1.049070918993980778e-02
-4.451011133332866132e-02
-9.918140295140974450e-02
-1.762293396882833041e-01
-1.345316707359956454e-01
-6.076274910985763472e-02
-1.769630475974914297e-01
-1.092806431216180318e-01
-6.260443329724973971e-02
-8.208295233218987352e-02
2.702822031344874129e-02
-2.005222631185581972e-01
-1.781077146505797570e-01
-1.479470422955856124e-01
-4.283081852943473877e-03
-8.816802601605774892e-02
-2.155228025061851904e-01
2.429378045647884454e-01
-2.401531409732784172e-01
-2.279400537574554630e-01
-8.483899639829159400e-02
-1.990683799175577695e-01
-1.084129023804315112e-01
-2.835505324844705619e-02
-1.643975779118927449e-01
1.069213915466087766e-02
-1.738373019036382194e-01
1.887397410936662301e-01
7.717167688065286468e-02
-1.160981760538937202e-01
-5.748887228315935349e-02
-1.569387500341313246e-01
2.880534835381834968e-01
-5.308786221245734641e-03
2.035537817072242128e-01
-1.599183786147371222e-01
-3.433177061212441816e-02
-8.683122822001089480e-02
-6.949441600078662407e-02
3.901354990752236435e-03
7.350333990604225598e-02
-1.173625541331016070e-01
-1.422509126763858989e-01
-1.128681338980930954e-01
5.841707154927487933e-01
1.924708452437772499e-01
-3.184728325533874721e-02
8.265762733083058256e-02
-4.821832118643890053e-02
1.014390003343930979e-01
2.828947024365875973e-01
-8.239324289112376354e-02
2.214525351163981193e-01
-4.459944756834523238e-02
3.306956523498607026e-01
7.376696018240039843e-01
-1.845054171746146054e-01
-2.457844400068787405e-01
-1.899923807069466286e-01
1.620693820548901043e-01
4.733879977924483340e-01
-1.603943929222399478e-01
1.809192338258862331e-01
2.710949731758220682e-03
-2.265386764736758984e-01
3.207711048934316356e-01
4.251803697165956047e-02
9.015802828900355836e-02
-2.265386764736758984e-01
5.841248975251418091e-02
-9.647861971051144292e-02
-1.568561089166529421e-01
-1.955650498526192993e-01
-6.588845064512689753e-02
-1.303612188554906931e-02
-2.035872240701633862e-01
-2.224290066558587686e-01
1.234020669654514180e-01
-6.062596544511972968e-02
-3.877515588557959442e-02
-1.443406246554445604e-01
-1.309651374818426861e-01
5.969780186047800308e-02
1.829375628383552166e-01
2.181661541738303955e-01
-1.679616648030954340e-02
-8.900047582371953259e-02
-5.113278258140367682e-02
-1.718586935081717892e-01
-7.406225507024521981e-02
3.522647409699217885e-02
-1.905204118761857357e-01
-1.685441139833822044e-01
-1.019878379844673250e-01
2.157526658791746321e-01
-1.347090513073957163e-01
6.376592491229397808e-03
7.376696018240039843e-01
-9.701199924143037723e-02
1.064739823347752579e-01
2.838204202311760405e-01
-1.818991319233015935e-01
1.291308747054710215e-01
5.987520286213589282e-02
-2.265386764736758984e-01
-1.383713169604578186e-01
1.200114125122006270e-01
1.392520332505544078e-01
-9.843191622830321785e-02
-2.460035305256215998e-01
-2.265386764736758984e-01
-1.550355677861995352e-01
-7.489901523782158121e-02
-2.058495552880313106e-01
-9.387515768037951736e-02
3.210243314236684020e-02
-1.542171176035903590e-01
-1.019650324586189316e-01
-4.384526139154134444e-02
-2.600332714993647820e-01
1.162931236558029935e-01
-1.708054843018465274e-01
3.522941402926912380e-01
-2.174547020321874191e-01
-1.682150400706839688e-01
-1.057443174450161255e-01
-5.501200333780676549e-02
-2.053209251287851367e-01
-1.021954398600605218e-01
2.992160876840649353e-02
7.591502267782920810e-02
-1.375655410110842580e-01
-3.348156590860434934e-02
-7.495293375534783920e-02
-3.348156590860434934e-02
-4.651422212421708197e-02
-1.110323830844339443e-01
-2.012862142163293622e-01
-7.772651699545417292e-02
-5.280629732460426912e-02
1.043065090335315304e-01
-9.342991347127167778e-02
-1.097240325277996920e-02
-2.351007424406609259e-01
-1.434301883952446288e-01
7.481803831165000085e-02
-4.428759675463544987e-02
-7.647751163724854362e-02
1.278855031327816305e-01
-1.497486014932475629e-01
1.890787418177906909e-01
-2.109055490749706108e-02
4.200991415001666951e-01
-1.725299943921778378e-01
3.414488927123289219e-01
-6.187534588627142257e-02
7.287039714495915366e-01
1.317342869791831572e-01
-1.679121896107275691e-01
1.475520835940184183e-01
2.541047760244894982e-01
1.437354645480469484e-02
-4.049888633196743748e-02
